-0.0170448160411
-0.0761952172419
-0.085948337802
-0.0799558838494
0.13589855167
0.182026329042
0.0190098021076
-0.089113585473
-0.0468381670636
-0.136943762102
-0.0230291824997
-0.00318653158779
0.0894041312886
0.158050852615
-0.00961034719774
0.3033724912
-0.111938270759
-0.202666787549
0.114137402171
0.127964771929
-0.0958947499258
0.157741724688
0.0701357756957
0.00645797184254
-0.0609399691702
0.0301753667321
0.121984574084
0.134288823809
-0.118689411711
-0.0018404912771
-0.0716102964084
-0.0766666638679
0.0661638251395
-0.0145993790746
-0.0626423177573
0.139888725383
0.142216022744
-0.0216201566851
-0.144155648468
0.0774389437674
0.122003906698
0.00980301678019
0.0386962751581
0.0215479406703
-0.191689834994
-0.00106870257378
-0.113954881313
