4.75388
4.60859
2.17561
1.91971
2.2423
1.95647
1.92705
1.61899
1.71409
4.69072
1.62349
1.9724
1.59144
1.8506
1.69828
1.76898
1.68087
1.7647
1.44473
1.49498
1.43498
1.39094
1.49553
1.45707
1.53435
1.62813
1.70636
1.35425
1.50907
1.42028
1.39242
1.28509
1.32171
1.30932
1.30046
1.24054
1.2071
1.22178
1.21168
1.1853
1.13395
1.15738
1.27049
1.18803
1.02845
1.07249
1.12298
1.0092
1.03385
0.916281
1.06146
0.85216
0.921721
0.95678
0.855516
0.848979
0.896696
0.974597
0.847528
0.671085
0.749171
0.68062
0.92362
0.706718
0.683483
0.592422
0.515942
0.501373
0.47411
0.685877
0.627353
0.422454
0.513179
0.43103
0.771344
0.694726
0.701375
0.595742
0.414
0.595534
0.549587
0.397727
0.427113
0.515989
0.420558
0.363211
0.315311
0.273789
0.44701
0.239556
0.231698
0.411095
0.273381
0.329285
0.39642
0.216777
0.232454
0.339471
0.312897
0.326257
0.30069
0.214159
0.290433
0.189721
0.176045
0.280374
0.223684
0.252401
0.204719
0.22369
0.219872
0.217531
0.202541
0.177052
0.178771
0.181178
0.189011
0.18063
0.188493
0.164036
0.162474
0.16586
0.160528
0.153106
0.156345
0.150417
0.202598
0.146613
0.151618
0.170028
0.145672
0.14054
0.146965
0.182434
0.143321
0.139404
0.130351
0.132049
0.129605
0.141344
0.122953
0.128664
0.135251
0.125937
0.118382
0.118043
0.115149
0.112135
0.115813
0.115652
0.123049
0.111441
0.114805
0.0979626
0.113268
0.0978793
0.105193
0.113084
0.0924069
0.122699
0.0992104
0.0983529
0.104192
0.109776
0.0978811
0.0934207
0.0954308
0.0949174
0.102999
0.0973244
0.096389
0.105827
0.0956953
0.0914418
0.0993212
0.101846
0.103255
0.0931633
0.0883801
0.0935643
0.0891234
0.0959079
0.104254
0.0938005
0.0920355
0.0947618
0.0873427
0.0910627
0.104007
0.0952874
0.092175
0.0875172
0.10758
0.087074
0.0880196
0.0842835
0.0884767
0.0800652
0.0805505
0.086157
0.0852334
0.108586
0.0870032
0.0840798
0.0851214
0.0814422
0.0857571
0.0875787
0.0792924
0.0866329
0.0795855
0.08352
0.0830843
0.0867373
0.0761545
0.0756193
0.0717603
0.0796211
0.0741037
0.100415
0.087358
0.0799559
0.0790793
0.0779612
0.0971317
0.0800364
0.0753261
0.096231
0.075467
0.0777106
0.0953439
0.0858274
0.0888175
0.0878281
0.0750536
0.0873713
0.0695628
0.0785701
0.0683538
0.0862141
0.0777544
0.0798257
0.071093
0.0728419
0.0751832
0.0702739
0.0764418
0.0782533
0.0753273
0.077894
0.0805864
0.0742955
0.0744929
0.0688567
0.0798416
0.0811444
0.0857456
0.0809358
0.0776553
0.083183
0.0751314
0.0940896
0.0821139
0.0926513
0.0850121
0.0814932
0.0758656
0.0825323
0.0719475
0.0733836
0.0700035
0.0693476
0.0789077
0.0954266
0.0764769
0.088188
0.085679
0.0798429
0.0812838
0.0736345
0.0875442
0.0820795
0.0822067
0.0711504
0.0708689
0.070182
0.0835026
0.0714559
0.0902904
0.0882232
0.0858485
0.0723602
0.0703567
0.085573
0.0806783
0.0828825
0.0782242
0.0747778
0.0770763
0.0750912
0.0767912
0.0729481
0.0710394
0.0623677
0.0806031
0.075251
0.0725579
0.0697626
0.0767545
0.0653146
0.0710993
0.0755303
0.0640209
0.0634477
0.0590904
0.0969622
0.0691205
0.0762664
0.085612
0.0642363
0.0795854
0.0730228
0.066556
0.0754708
0.0728253
0.0730789
0.0712536
0.0723336
0.0705691
0.0667671
0.0746581
0.0732521
0.0615996
0.0597786
0.0797549
0.0794228
0.0696264
0.0657579
0.065891
0.0939029
0.0799875
0.0624034
0.0760928
0.075683
0.0613748
0.0686933
0.0683355
0.0641173
0.0685614
0.0710216
0.0601531
0.0806177
0.0621736
0.0735181
0.0621565
0.0591051
0.0590843
0.109306
0.0622725
0.0770784
0.0572567
0.0635535
0.0886428
0.0801815
0.0671557
0.0921778
0.073227
0.0767289
0.0730897
0.082476
0.074004
0.0695822
0.0682165
0.0688313
0.0807105
0.055726
0.0647574
0.0936696
0.0590957
0.0663559
0.0782963
0.0756604
0.0668612
0.0675064
0.0618595
0.104592
0.0659891
0.0940504
0.061714
0.0799518
0.0847803
0.0809854
0.084425
0.0591562
0.0797372
0.0618375
0.068452
0.062827
0.0576424
0.0659864
0.0637159
0.0648943
0.0697502
0.0622314
0.090962
0.0771104
0.0732392
0.071207
0.061794
0.0685759
0.0914505
0.0682181
0.0748509
0.0637777
0.0642067
0.114222
0.0930067
0.065939
0.066776
0.0697455
0.0667565
0.0870105
0.0904449
0.0706103
0.0832581
0.0688097
0.0643102
0.0755222
0.073086
0.0718027
0.110446
0.0664741
0.0672536
0.0921512
0.0755018
0.0648257
0.0717286
0.083158
0.0813195
0.0645139
0.0714086
0.0770317
0.0666319
0.072861
0.0691381
0.0833114
0.0677389
0.0791297
0.067468
0.0719397
0.0681035
0.0677566
0.0695156
0.0705435
0.0725984
0.0644349
0.0693706
0.0692429
0.0652438
0.062708
0.0723166
0.0681975
0.056037
0.0715688
0.070213
0.0708833
0.0617921
0.0690894
0.0586719
0.0641677
0.069547
0.0707192
0.0686629
0.0637588
0.0655143
0.0659611
0.0687128
0.0675667
0.0535519
0.0596729
0.0724787
0.0688875
0.0644532
0.0579819
0.0721309
0.0544496
0.0689382
0.0628418
0.0518817
0.0515792
0.0538081
0.052879
0.0511381
0.0839936
0.0514749
0.0762375
0.0553619
0.0538415
0.052627
0.0941866
0.0546395
0.0643328
0.0628331
0.061396
0.0681031
0.0644518
0.0649323
0.0616386
0.0686421
0.0898597
0.0738045
0.0674984
0.0821649
0.0677454
0.0586686
0.0517848
0.0664586
0.0605662
0.114609
0.0979654
0.089834
0.0907876
0.071204
0.063993
0.0686957
0.0594406
0.0624775
0.0537479
0.119087
0.0754579
0.0667347
0.0612286
0.0745119
0.059834
0.0581609
0.0622518
0.055477
0.056227
0.0514414
0.156576
0.0514681
0.0515245
0.122618
0.0524529
0.0508637
0.0832281
0.0967106
0.0898818
0.0656267
0.0747172
0.0758171
0.0696116
0.0696531
0.0777948
0.0898472
0.0811801
0.0683218
0.0747898
0.0717273
0.0679644
0.0744302
0.0736683
0.0692173
0.0696777
0.0670577
0.0775391
0.0711624
0.0542787
0.0620081
0.0589554
0.0750804
0.0643294
0.0687303
0.0782631
0.0643593
0.0600148
0.0694983
0.0714764
0.0661359
0.0594946
0.0582828
0.0600854
0.0720254
0.0524654
0.0684337
0.0589294
0.0534483
0.0796845
0.0664532
0.0602932
0.0781264
0.0554886
0.0565666
0.0686779
0.0622584
0.056991
0.0726703
0.0571375
0.0764844
0.0665832
0.0571243
0.0555873
0.0580266
0.0788229
0.0722359
0.0686231
0.065536
0.0512696
0.0716297
0.0705886
0.0595121
0.0661243
0.053674
0.078962
0.0631865
0.0490187
0.0525084
0.0616718
0.0800737
0.0683343
0.0699244
0.0669919
0.0668494
0.0653275
0.0632651
0.0689606
0.0742844
0.0700563
0.0683568
0.0655786
0.0539743
0.0749321
0.0743258
0.0647499
0.0547661
0.053233
0.0586447
0.0572364
0.0497595
0.0625438
0.0779358
0.0868113
0.0646939
0.0536817
0.0513677
0.0842578
0.0563696
0.0754891
0.0686973
0.0578061
0.0699943
0.0499053
0.070826
0.0557134
0.0684559
0.0470309
0.0497155
0.056376
0.061033
0.0871129
0.0856053
0.0688608
0.0669657
0.073786
0.0605406
0.0549362
0.0860048
0.0771238
0.0518084
0.0499493
0.0493251
0.0669896
0.0797504
0.0527629
0.0612445
0.0681368
0.065721
0.0571388
0.0583423
0.0559263
0.0622336
0.0592026
0.0736375
0.0542521
0.0684378
0.0688232
0.0565659
0.0583672
0.0496292
0.123173
0.0818084
0.0667893
0.0538104
0.0607107
0.0951204
0.0874027
0.0725233
0.0639975
0.0667444
0.0861602
0.0785759
0.0754596
0.0618224
0.0788442
0.0744936
0.0721071
0.0617008
0.0744241
0.0662961
0.0670499
0.0700732
0.0740059
0.0584211
0.0788243
0.0585078
0.0756144
0.060737
0.050347
0.0848938
0.0601609
0.0544924
0.0814733
0.0699223
0.0533428
0.0523307
0.0658531
0.0668958
0.0604845
0.0708667
0.0666118
0.0857611
0.0487797
0.0648895
0.0698517
0.0600465
0.0672904
0.0688439
0.0651629
0.0548615
0.0556139
0.0478403
0.0525453
0.0474792
0.073479
0.0631656
0.0600621
0.0522262
0.0764711
0.0704072
0.0651918
0.0664536
0.0661486
0.0689238
0.0662375
0.0627066
0.0680307
0.0663982
0.0660652
0.0712216
0.0864488
0.0667334
0.066069
0.0629679
0.0603671
0.0921343
0.0759191
0.065377
0.068436
0.0602449
0.076683
0.0716616
0.0718671
0.0733601
0.0691224
0.0587719
0.0672565
0.0786603
0.0651288
0.0662807
0.0599599
0.0692213
0.0499198
0.0686323
0.0671964
0.0566054
0.0796718
0.05395
0.0658175
0.0623284
0.0714359
0.0679547
0.0562975
0.0505938
0.0671276
0.0634113
0.0623206
0.0688318
0.060022
0.0673173
0.0682051
0.0623063
0.0574406
0.0657017
0.0483472
0.0632959
0.0533462
0.0632063
0.0584436
0.0571795
0.063217
0.0558187
0.0640602
0.0571786
0.0489765
0.0662217
0.0556888
0.0683724
0.0567574
0.0587379
0.063471
0.0569859
0.0556391
0.0627205
0.0500966
0.0670839
0.0482685
0.0502513
0.0573686
0.0621653
0.0603304
0.055435
0.0469568
0.0595264
0.0563707
0.056588
0.0529201
0.0700162
0.0519113
0.048402
0.0785276
0.065202
0.0668016
0.0488741
0.0776054
0.0480356
0.0581359
0.0751814
0.0665683
0.061171
0.0511724
0.0688104
0.0678673
0.0668604
0.066997
0.0662108
0.0903047
0.0612375
0.0717227
0.0789581
0.0846968
0.0663733
0.0689194
0.0884079
0.0620729
0.0933327
0.073633
0.0564569
0.0675875
0.0945661
0.0854759
0.0857657
0.073803
0.0735441
0.0985259
0.0887662
0.0700534
0.10247
0.0972726
0.0754851
0.115907
0.0846664
0.075205
0.19243
0.102356
0.113122
0.0857503
0.102746
0.0781549
0.0943849
0.0832389
0.0762509
0.0963177
0.0819671
0.0818274
0.0982061
0.0817749
0.0638982
0.0951732
0.0657067
0.0924686
0.0669405
0.0687368
0.0651437
0.0865134
0.0837925
0.0916853
0.0828948
0.0774493
0.0812621
0.070791
0.0683958
0.11626
0.0571291
0.0581028
0.111717
0.0665501
0.0655259
0.0994755
0.0567387
0.0554252
0.0901423
0.0669621
0.0601837
0.0542384
0.0639675
0.0513531
0.105092
0.0866332
0.0689966
0.0551799
0.0621863
0.0613134
0.0696466
0.086978
0.11613
0.0536653
0.102715
0.0847444
0.0828641
0.0760372
0.0616833
0.0757346
0.075399
0.0974758
0.0824441
0.0779127
0.0660007
0.0608401
0.0886015
0.0657776
0.0690128
0.076569
0.0691352
0.0621512
0.0696862
0.0657018
0.0702161
0.0770553
0.0636387
0.0597578
0.0579046
0.0808437
0.053615
0.068345
0.0558469
0.0603264
0.0756609
0.0584717
0.0557624
0.0699963
0.0519927
0.0554591
0.0642117
0.0557752
0.0671446
0.0534749
0.0535934
0.0641338
0.0527254
0.0519587
0.0488543
0.0536076
0.0529568
0.0580541
0.0646148
0.0544299
0.0653682
0.0531436
0.0571183
0.0505174
0.0633107
0.0643344
0.0620011
0.0613196
0.0627737
0.0581507
0.0568083
0.0530564
0.0645535
0.0565854
0.0500763
0.0512612
0.0574938
0.0691484
0.0643131
0.0593109
0.0577183
0.0667072
0.0652942
0.0535615
0.0650837
0.0550049
0.0552862
0.0485298
0.0589899
0.0591534
0.0883226
0.0578185
0.0659001
0.0657375
0.0523168
0.0744846
0.0684518
0.0726992
0.0564629
0.0673386
0.0761387
0.0526678
0.0520709
0.0544053
0.0651583
0.054262
0.060471
0.0599922
0.0533303
0.062929
0.0631486
0.0678879
0.0532407
0.0644757
0.0675201
0.0552394
0.0706287
0.0612354
0.0615808
0.0626586
0.0576332
0.0591081
0.0674569
0.0567653
0.0636424
0.0521089
0.0645104
0.0515491
0.0511166
0.0627948
0.060429
0.0599456
0.0534091
0.0652646
0.0674397
0.0566864
0.0523354
0.0714677
0.0572833
0.0688439
0.0525473
0.0634975
0.06127
0.0652933
0.0597062
0.0617015
0.0594667
0.0618013
0.060587
0.0604965
0.0639163
0.0659171
0.0579853
0.0729763
0.0571169
0.0736117
0.0737428
0.0646157
0.0574694
0.07115
0.0723046
0.0580113
0.066826
0.0642581
0.0686176
0.0534069
0.0693963
0.0523591
0.0731044
0.0521835
0.0667639
0.0473013
0.0471964
0.0465742
0.0455208
0.0521423
0.0632843
0.0711072
0.0643579
0.0716331
0.0565436
0.0526163
0.0525622
0.0743002
0.0509668
0.0635105
0.0594899
0.0485796
0.0605219
0.0872941
0.0554989
0.0555002
0.0606531
0.048529
0.0552768
0.100656
0.0740297
0.0656391
0.0623207
0.0994851
0.0785725
0.132216
0.124455
0.127303
0.103574
0.0847955
0.122714
0.0751729
0.0896892
0.0761638
0.0601122
0.108857
0.0755984
0.0561996
0.0843267
0.0835641
0.0745423
0.0787236
0.0706343
0.0667964
0.0823053
0.0724162
0.0590257
0.0488547
0.0607165
0.0642061
0.0647148
0.0795587
0.061655
0.054967
0.075728
0.0709501
0.0533642
0.0481422
0.073797
0.0678281
0.0521175
0.064512
0.0666921
0.0698439
0.0516821
0.0533467
0.0475423
0.0609992
0.0682571
0.0460171
0.0548948
0.0460179
0.0521787
0.0562102
0.0638109
0.0669327
0.0705419
0.0612841
0.0571178
0.0692441
0.0640496
0.0548063
0.047574
0.0707287
0.0688446
0.0645527
0.0772407
0.069224
0.0871628
0.0792606
0.0558384
0.0662644
0.0585956
0.0802106
0.0674535
0.0994426
0.0651546
0.0502341
0.0689808
0.0491318
0.0700465
0.0847967
0.05176
0.0574513
0.0471745
0.0752304
0.0582305
0.0759368
0.0538744
0.0937779
0.0602007
0.0936478
0.062315
0.0574655
0.0595003
0.0580842
0.059331
0.050635
0.0855162
0.0684303
0.076959
0.0797681
0.0657838
0.077335
0.0683221
0.0731434
0.0688952
0.0595586
0.0714792
0.0547663
0.0577632
0.0769384
0.0620689
0.0746388
0.0568646
0.0700826
0.0563953
0.0762551
0.0630778
0.0623203
0.0706395
0.0542492
0.0602487
0.0686497
0.0709961
0.0708069
0.0733673
0.0661633
0.064634
0.0565217
0.0469654
0.0572304
0.0726921
0.0473813
0.0579885
0.0737047
0.0648397
0.0658592
0.0607538
0.0617907
0.0724931
0.0651232
0.0707555
0.0591157
0.0663521
0.0525118
0.0509975
0.0650912
0.0526428
0.0729352
0.0716521
0.0654574
0.0685986
0.0724905
0.0763572
0.0602209
0.072822
0.0621408
0.05527
0.0649508
0.055767
0.0988467
0.0550517
0.0733772
0.0631899
0.047663
0.0899967
0.0860541
0.0708594
0.067725
0.0577924
0.0853953
0.0699023
0.0776899
0.0710209
0.0710752
0.0655082
0.0648795
0.0634264
0.0879144
0.0483339
0.0537158
0.0832336
0.0742079
0.068876
0.044349
0.0473374
0.0765628
0.0754267
0.0543281
0.0451499
0.106547
0.064347
0.0591376
0.0463731
0.0596143
0.0997321
0.0502905
0.0911878
0.0741364
0.0744722
0.0441776
0.0694853
0.0723693
0.0688802
0.0659921
0.0511574
0.0526604
0.0838815
0.0535044
0.0603252
0.0484106
0.0458826
0.0534707
0.0466255
0.0456978
0.108015
0.087036
0.0683132
0.0515856
0.0753754
0.0579822
0.0845451
0.0753297
0.0578504
0.0861369
0.0722358
0.0577985
0.0628248
0.0558167
0.0758572
0.0717309
0.0579426
0.0483062
0.0673829
0.0559215
0.0620516
0.0721558
0.0696322
0.0651941
0.0613121
0.0405973
0.065803
0.0472234
0.0690189
0.0617811
0.0630728
0.0669322
0.0552705
0.049816
0.0677828
0.0608713
0.0653819
0.0693732
0.0877383
0.0487458
0.0728274
0.0660676
0.05828
0.0471188
0.0848686
0.0591708
0.0596446
0.0677232
0.0520724
0.0566925
0.0552007
0.0577199
0.0498114
0.0567313
0.0465632
0.0688018
0.0631513
0.063146
0.0473137
0.0505959
0.0712493
0.0672593
0.0576331
0.0530239
0.0583116
0.0551975
0.0810073
0.0558894
0.0528433
0.0707903
0.071181
0.054059
0.0467542
0.0673643
0.0708592
0.0525093
0.0680143
0.0755503
0.0684995
0.0657237
0.0902888
0.0719406
0.072265
0.0610242
0.0676918
0.0723126
0.0551197
0.0574496
0.0606929
0.093741
0.0618922
0.0538792
0.0740506
0.0604115
0.0630416
0.0549443
0.0782979
0.0560346
0.0709154
0.0527027
0.0732237
0.0731514
0.0645295
0.0469007
0.0555123
0.060942
0.0597076
0.0565342
0.0639187
0.0597621
0.0536387
0.0754092
0.0520449
0.0478841
0.0607372
0.0629874
0.0682049
0.0728327
0.0464498
0.0549294
0.0531041
0.0517633
0.0456133
0.0614741
0.068645
0.0508156
0.0639672
0.0595293
0.0655526
0.0565159
0.061884
0.0570641
0.0476205
0.0668036
0.0425788
0.0490589
0.0608985
0.0559753
0.0543652
0.0665456
0.0495097
0.0478475
0.0466679
0.0502598
0.0550972
0.0428263
0.0479663
0.0506453
0.0443257
0.0663129
0.0477135
0.0509772
0.0523089
0.0759006
0.0423535
0.0485912
0.0581205
0.05547
0.0701708
0.0663961
0.0563903
0.0671468
0.0685475
0.054855
0.0522468
0.0774687
0.0498461
0.0731992
0.0592575
0.0464448
0.0724731
0.0692895
0.0574344
0.0474475
0.0629906
0.0632758
0.0756608
0.0804733
0.0717141
0.0659475
0.0639334
0.055188
0.0675669
0.068557
0.060317
0.0844118
0.0762015
0.0705397
0.058364
0.0780786
0.063639
0.064702
0.0659954
0.0659303
0.0664637
0.0651582
0.0625137
0.049157
0.0562102
0.0544354
0.0984441
0.069062
0.0502401
0.0507411
0.142706
0.0798323
0.0664126
0.0994584
0.0721845
0.094098
0.0934383
0.0770234
0.0761334
0.0889402
0.0690935
0.0612526
0.0693652
0.0629774
0.0852503
0.072647
0.0522217
0.0500103
0.0715736
0.0820844
0.0577831
0.0731243
0.0650949
0.0558362
0.0447068
0.0658311
0.0543263
0.0499466
0.0538454
0.0758422
0.057946
0.0666448
0.0664156
0.0620472
0.0650527
0.0500161
0.0542602
0.0585643
0.0500005
0.0648847
0.0837235
0.0492351
0.0680819
0.0628173
0.0688935
0.0656134
0.0470408
0.0719499
0.0657013
0.057914
0.0644219
0.0604593
0.0599714
0.0568842
0.052153
0.0683664
0.0522051
0.0528171
0.072204
0.0563895
0.0678731
0.0643897
0.0659306
0.0677771
0.0693892
0.0550874
0.0535334
0.0701486
0.0555755
0.0524797
0.0686814
0.0491744
0.0647358
0.0574419
0.0575776
0.0548896
0.0434382
0.0690583
0.0571293
0.0525623
0.0561855
0.0539781
0.0478926
0.046937
0.0511522
0.07943
0.0416001
0.0721077
0.0455763
0.0551282
0.0444321
0.0688686
0.0660513
0.0634012
0.0604898
0.058985
0.0565876
0.0529058
0.0532964
0.0813657
0.0735958
0.0511413
0.0482561
0.0648749
0.0444643
0.0689887
0.073866
0.0461421
0.0574837
0.0570501
0.0597257
0.0575736
0.0420016
0.0603002
0.0506201
0.0799689
0.0746632
0.0729027
0.0601998
0.0634959
0.0672799
0.0901138
0.077112
0.0682259
0.0680699
0.0680485
0.0637395
0.0639247
0.0650907
0.0700047
0.0639984
0.059729
0.057282
0.0842364
0.0568716
0.0676812
0.0592133
0.0623289
0.0651739
0.0458596
0.053148
0.0643997
0.060786
0.0474688
0.0617654
0.047601
0.0743034
0.0617694
0.0590006
0.0685837
0.0407463
0.0523689
0.0417396
0.0441365
0.07098
0.0670067
0.0585292
0.0543886
0.05027
0.0516621
0.0394818
0.0418157
0.0454158
0.0400483
0.0515994
0.0508309
0.0447417
0.0854338
0.0953786
0.0898904
0.076832
0.05086
0.0812288
0.0657214
0.0948788
0.0788833
0.0771029
0.0700786
0.0634462
0.0710796
0.0755452
0.0724141
0.0921356
0.0676535
0.0768621
0.0703677
0.0767915
0.0706327
0.0741452
0.0690233
0.0704701
0.0977244
0.0926167
0.0702475
0.0636765
0.0704834
0.0894615
0.0642054
0.0623439
0.0751447
0.0731767
0.0728516
0.0585483
0.0659262
0.0742967
0.069342
0.0709143
0.0660085
0.0520409
0.0543592
0.0739594
0.0535804
0.0664944
0.0643351
0.0594931
0.0616003
0.0519552
0.0625843
0.0512277
0.0481506
0.0520347
0.0508623
0.0701392
0.0682688
0.0652073
0.0578519
0.0584438
0.0533634
0.0626755
0.0695224
0.0652044
0.0641042
0.0570824
0.0616457
0.0603717
0.0614897
0.0511906
0.0640083
0.0612342
0.0540449
0.067374
0.0550866
0.0648312
0.0569821
0.0568839
0.0667358
0.0618634
0.0495585
0.053493
0.0601661
0.0647193
0.0542252
0.0500179
0.0630844
0.0618566
0.0499111
0.049968
0.0478439
0.0452912
0.0453551
0.0450461
0.0663182
0.049427
0.0435095
0.0422548
0.0643857
0.0464825
0.0477647
0.0503691
0.0631974
0.0517431
0.0625328
0.0588146
0.0502093
0.0482714
0.0562167
0.0728818
0.0428078
0.0506232
0.0757893
0.0624495
0.0630861
0.059315
0.0444054
0.0475703
0.0491671
0.0716599
0.0645031
0.0557677
0.0615379
0.0603832
0.0498281
0.0604225
0.0472911
0.0535347
0.061395
0.0545232
0.0666505
0.0453044
0.0626081
0.0493587
0.0494033
0.0472785
0.0694038
0.0473661
0.0659732
0.064129
0.0614635
0.0492623
0.057695
0.055586
0.0626617
0.066635
0.0602044
0.0633964
0.0609958
0.0510259
0.0478479
0.0485733
0.0708073
0.0411973
0.0438176
0.0575536
0.0653551
0.0502174
0.0630993
0.0413123
0.0516402
0.0590892
0.0610665
0.0534962
0.0628438
0.0416805
0.0660687
0.0607728
0.0601249
0.0613715
0.0592146
0.0646395
0.0531828
0.0471124
0.0546521
0.0634528
0.0591216
0.0769561
0.0569414
0.0535919
0.0436479
0.0621698
0.0610242
0.060712
0.0559761
0.0417817
0.0635748
0.0621979
0.0484021
0.059894
0.0576556
0.0432495
0.0633634
0.0617131
0.0608059
0.0531961
0.0640205
0.046248
0.0478968
0.0417944
0.0644182
0.0532046
0.0507403
0.0491345
0.0711085
0.0529241
0.0483673
0.0547094
0.0672294
0.0451319
0.0467122
0.0532694
0.0469802
0.0477566
0.0619238
0.0688284
0.047203
0.0551686
0.0485329
0.0415706
0.0670635
0.0487803
0.0598459
0.064946
0.0631758
0.0627754
0.0606422
0.0518497
0.0465361
0.0595435
0.0580155
0.0509646
0.0478304
0.0743882
0.0615597
0.0574823
0.0541165
0.0540046
0.0728227
0.0718907
0.056911
0.0657432
0.0478519
0.0664909
0.0879643
0.0654378
0.0683817
0.0714033
0.057644
0.0521371
0.0553146
0.0534922
0.0703651
0.0862792
0.0489888
0.0599841
0.0561296
0.0442402
0.0707508
0.069512
0.0647895
0.0754655
0.0541195
0.0513627
0.0716058
0.0560124
0.063062
0.0544236
0.0879978
0.0657699
0.0661875
0.0612698
0.0628442
0.0673522
0.0530877
0.0634141
0.0573716
0.100858
0.059272
0.0433124
0.172213
0.0825547
0.0525652
0.0669657
0.173926
0.0834535
0.0853598
0.0583826
0.141903
0.149978
0.0824728
